x
-1 1
1 -35.789999999999999 13.029999999999999
2 -19.710000000000001 14.800000000000001
3 -23.420000000000002 14.119999999999999
4 -24.41 24.48
5 -27.899999999999999 17.41
6 -25.969999999999999 24.75
7 -15.800000000000001 23.07
8 -19.34 15.85
9 -13.81 24.079999999999998
10 -24.120000000000001 36.850000000000001
11 -22.379999999999999 27.239999999999998
12 -23.440000000000001 17.170000000000002
13 -17.149999999999999 12.390000000000001
14 -22.120000000000001 13.199999999999999
15 -22.210000000000001 14.58
16 -19.829999999999998 19.98
17 -18.780000000000001 24.239999999999998
18 -29.539999999999999 17.809999999999999
19 -17.890000000000001 21.879999999999999
20 -32.759999999999998 10.85
21 -27.489999999999998 20.109999999999999
22 -19.949999999999999 19.789999999999999
23 -15.699999999999999 28.420000000000002
24 -11.19 18.66
25 -34.710000000000001 16.18
26 -19.629999999999999 29.149999999999999
27 -23.050000000000001 18.890000000000001
28 -14.130000000000001 23.550000000000001
29 -17.609999999999999 18.66
30 -17.82 13.539999999999999
