x
-1 1
1 -11.83 3.3159999999999998
2 -5.2400000000000002 3.7229999999999999
3 -6.9530000000000003 4.5190000000000001
4 -7.9539999999999997 7.3259999999999996
5 -7.7439999999999998 2.4209999999999998
6 -8.5169999999999995 6.3440000000000003
7 -3.5470000000000002 5.0289999999999999
8 -7.157 3.472
9 -4.5720000000000001 7.0999999999999996
10 -9.5690000000000008 4.3140000000000001
11 -6.798 8.2059999999999995
12 -5.1749999999999998 6.2110000000000003
13 -4.5449999999999999 4.5289999999999999
14 -6.1459999999999999 2.4249999999999998
15 -7.9450000000000003 3.0600000000000001
16 -7.8940000000000001 5.4560000000000004
17 -5.9100000000000001 8.9049999999999994
18 -9.5739999999999998 4.4500000000000002
19 -5.9260000000000002 6.3959999999999999
20 -8.6219999999999999 5.9699999999999998
21 -9.5609999999999999 5.5179999999999998
22 -6.3490000000000002 4.6989999999999998
23 -2.4710000000000001 8.0510000000000002
24 -3.883 4.383
25 -11.720000000000001 4.1230000000000002
26 -6.7489999999999997 11.039999999999999
27 -5.9500000000000002 4.125
28 -4.577 7.7599999999999998
29 -6.9530000000000003 6.8029999999999999
30 -3.181 3.133
